FW 64 4096 0.005
DIJKSTRA 64 4096 0.009
SIMD 64 4096 0.003
FW 128 16384 0.012
DIJKSTRA 128 16384 0.028
SIMD 128 16384 0.003
FW 192 36864 0.032
DIJKSTRA 192 36864 0.064
SIMD 192 36864 0.004
FW 256 65536 0.067
DIJKSTRA 256 65536 0.117
SIMD 256 65536 0.006
FW 320 102400 0.125
DIJKSTRA 320 102400 0.197
SIMD 320 102400 0.008
FW 384 147456 0.207
DIJKSTRA 384 147456 0.302
SIMD 384 147456 0.011
FW 448 200704 0.323
DIJKSTRA 448 200704 0.443
SIMD 448 200704 0.015
FW 512 262144 0.462
DIJKSTRA 512 262144 0.608
SIMD 512 262144 0.022
FW 576 331776 0.657
DIJKSTRA 576 331776 0.839
SIMD 576 331776 0.030
FW 640 409600 0.908
DIJKSTRA 640 409600 1.063
SIMD 640 409600 0.041
FW 704 495616 1.176
DIJKSTRA 704 495616 1.355
SIMD 704 495616 0.050
FW 768 589824 1.517
DIJKSTRA 768 589824 1.705
SIMD 768 589824 0.068
FW 832 692224 1.917
DIJKSTRA 832 692224 2.104
SIMD 832 692224 0.085
FW 896 802816 2.360
DIJKSTRA 896 802816 2.549
SIMD 896 802816 0.102
FW 960 921600 2.901
DIJKSTRA 960 921600 3.057
SIMD 960 921600 0.121
